1813.9101487199	0.0001571404
1812.0459039627	0.0001448997
1810.1816592055	0.0001296213
1808.3174144484	0.0001151976
1806.4531696912	0.0001004375
1804.5889249340	0.0000853411
1802.7246801769	0.0000703835
1800.8604354197	0.0000560883
1798.9961906626	0.0000448545
1797.1319459054	0.0000378643
1795.2677011482	0.0000390016
1793.4034563911	0.0000427323
1791.5392116339	0.0000466164
1789.6749668767	0.0000491965
1787.8107221196	0.0000502212
1785.9464773624	0.0000510121
1784.0822326053	0.0000529616
1782.2179878481	0.0000606205
1780.3537430909	0.0000709537
1778.4894983338	0.0000829909
1776.6252535766	0.0000929691
1774.7610088194	0.0000999709
1772.8967640623	0.0001008601
1771.0325193051	0.0000959915
1769.1682745479	0.0000850860
1767.3040297908	0.0000704379
1765.4397850336	0.0000528035
1763.5755402765	0.0000379535
1761.7112955193	0.0000265464
1759.8470507621	0.0000179802
1757.9828060050	0.0000142375
1756.1185612478	0.0000192067
1754.2543164906	0.0000260987
1752.3900717335	0.0000331550
1750.5258269763	0.0000396276
1748.6615822191	0.0000480388
1746.7973374620	0.0000642906
1744.9330927048	0.0000854006
1743.0688479477	0.0001107289
1741.2046031905	0.0001372357
1739.3403584333	0.0001635861
1737.4761136762	0.0001863037
1735.6118689190	0.0002046929
1733.7476241618	0.0002177990
1731.8833794047	0.0002287379
1730.0191346475	0.0002389797
1728.1548898904	0.0002522534
1726.2906451332	0.0002685776
1724.4264003760	0.0002883763
1722.5621556189	0.0003080858
1720.6979108617	0.0003262300
1718.8336661045	0.0003398924
1716.9694213474	0.0003491104
1715.1051765902	0.0003539229
1713.2409318330	0.0003567586
1711.3766870759	0.0003588000
1709.5124423187	0.0003615325
1707.6481975616	0.0003652708
1705.7839528044	0.0003695743
1703.9197080472	0.0003730105
1702.0554632901	0.0003743217
1700.1912185329	0.0003727552
1698.3269737757	0.0003671251
1696.4627290186	0.0003577547
1694.5984842614	0.0003446729
1692.7342395042	0.0003295112
1690.8699947471	0.0003141624
1689.0057499899	0.0003026404
1687.1415052328	0.0002991582
1685.2772604756	0.0003056454
1683.4130157184	0.0003241124
1681.5487709613	0.0003526464
1679.6845262041	0.0003901295
1677.8202814469	0.0004374752
1675.9560366898	0.0004994000
1674.0917919326	0.0005803989
1672.2275471755	0.0006932262
1670.3633024183	0.0008411082
1668.4990576611	0.0010299409
1666.6348129040	0.0012510854
1664.7705681468	0.0014966428
1662.9063233896	0.0017504155
1661.0420786325	0.0019963279
1659.1778338753	0.0022288924
1657.3135891181	0.0024436114
1655.4493443610	0.0026530300
1653.5850996038	0.0028644023
1651.7208548467	0.0030935814
1649.8566100895	0.0033429640
1647.9923653323	0.0036130813
1646.1281205752	0.0038966304
1644.2638758180	0.0041910722
1642.3996310608	0.0044980072
1640.5353863037	0.0048282640
1638.6711415465	0.0052016503
1636.8068967894	0.0056294817
1634.9426520322	0.0061270297
1633.0784072750	0.0066925972
1631.2141625179	0.0073235240
1629.3499177607	0.0080116959
1627.4856730035	0.0087507553
1625.6214282464	0.0095388331
1623.7571834892	0.0103748683
1621.8929387320	0.0112587595
1620.0286939749	0.0121892048
1618.1644492177	0.0131645529
1616.3002044606	0.0141818142
1614.4359597034	0.0152414897
1612.5717149462	0.0163444802
1610.7074701891	0.0174958743
1608.8432254319	0.0187022444
1606.9789806747	0.0199690294
1605.1147359176	0.0213032272
1603.2504911604	0.0227113683
1601.3862464032	0.0241988264
1599.5220016461	0.0257715732
1597.6577568889	0.0274377186
1595.7935121318	0.0292011388
1593.9292673746	0.0310645923
1592.0650226174	0.0330276564
1590.2007778603	0.0350855477
1588.3365331031	0.0372338369
1586.4722883459	0.0394669808
1584.6080435888	0.0417768508
1582.7437988316	0.0441549867
1580.8795540745	0.0465915836
1579.0153093173	0.0490710959
1577.1510645601	0.0515695401
1575.2868198030	0.0540653244
1573.4225750458	0.0565353557
1571.5583302886	0.0589521118
1569.6940855315	0.0612974577
1567.8298407743	0.0635560676
1565.9655960171	0.0657131672
1564.1013512600	0.0677519962
1562.2371065028	0.0696611032
1560.3728617457	0.0714307874
1558.5086169885	0.0730525330
1556.6443722313	0.0745176002
1554.7801274742	0.0758193359
1552.9158827170	0.0769532844
1551.0516379598	0.0779176429
1549.1873932027	0.0787179023
1547.3231484455	0.0793592185
1545.4589036883	0.0798464268
1543.5946589312	0.0801840574
1541.7304141740	0.0803815424
1539.8661694169	0.0804520473
1538.0019246597	0.0804080814
1536.1376799025	0.0802618712
1534.2734351454	0.0800210312
1532.4091903882	0.0796895102
1530.5449456310	0.0792726874
1528.6807008739	0.0787767693
1526.8164561167	0.0782094449
1524.9522113596	0.0775733814
1523.0879666024	0.0768670812
1521.2237218452	0.0760884807
1519.3594770881	0.0752357766
1517.4952323309	0.0743130893
1515.6309875737	0.0733308345
1513.7667428166	0.0722995698
1511.9024980594	0.0712281764
1510.0382533022	0.0701204315
1508.1740085451	0.0689728335
1506.3097637879	0.0677857623
1504.4455190308	0.0665659383
1502.5812742736	0.0653248578
1500.7170295164	0.0640768781
1498.8527847593	0.0628286004
1496.9885400021	0.0615784675
1495.1242952449	0.0603241883
1493.2600504878	0.0590645187
1491.3958057306	0.0578014441
1489.5315609734	0.0565395840
1487.6673162163	0.0552830398
1485.8030714591	0.0540352948
1483.9388267020	0.0527981706
1482.0745819448	0.0515706092
1480.2103371876	0.0503452457
1478.3460924305	0.0491095856
1476.4818476733	0.0478581004
1474.6176029161	0.0465972461
1472.7533581590	0.0453437679
1470.8891134018	0.0441196822
1469.0248686447	0.0429384597
1467.1606238875	0.0417952202
1465.2963791303	0.0406803265
1463.4321343732	0.0395874009
1461.5678896160	0.0385124646
1459.7036448588	0.0374506228
1457.8394001017	0.0363906845
1455.9751553445	0.0353202373
1454.1109105873	0.0342389122
1452.2466658302	0.0331561975
1450.3824210730	0.0320834070
1448.5181763159	0.0310273357
1446.6539315587	0.0299873184
1444.7896868015	0.0289587490
1442.9254420444	0.0279419236
1441.0611972872	0.0269465987
1439.1969525300	0.0259870645
1437.3327077729	0.0250746142
1435.4684630157	0.0242112130
1433.6042182586	0.0233870447
1431.7399735014	0.0225836132
1429.8757287442	0.0217823889
1428.0114839871	0.0209759232
1426.1472392299	0.0201713927
1424.2829944727	0.0193816591
1422.4187497156	0.0186147895
1420.5545049584	0.0178692807
1418.6902602012	0.0171359479
1416.8260154441	0.0164040942
1414.9617706869	0.0156683978
1413.0975259298	0.0149336634
1411.2332811726	0.0142170433
1409.3690364154	0.0135435909
1407.5047916583	0.0129318228
1405.6405469011	0.0123823881
1403.7763021439	0.0118803373
1401.9120573868	0.0114085786
1400.0478126296	0.0109610204
1398.1835678724	0.0105452202
1396.3193231153	0.0101726148
1394.4550783581	0.0098433737
1392.5908336010	0.0095375357
1390.7265888438	0.0092216721
1388.8623440866	0.0088703064
1386.9980993295	0.0084883198
1385.1338545723	0.0081142876
1383.2696098151	0.0077956785
1381.4053650580	0.0075528468
1379.5411203008	0.0073590609
1377.6768755437	0.0071543511
1375.8126307865	0.0068872222
1373.9483860293	0.0065524238
1372.0841412722	0.0061920583
1370.2198965150	0.0058592297
1368.3556517578	0.0055790865
1366.4914070007	0.0053414870
1364.6271622435	0.0051239231
1362.7629174863	0.0049150568
1360.8986727292	0.0047182348
1359.0344279720	0.0045410297
1357.1701832149	0.0043860478
1355.3059384577	0.0042481860
1353.4416937005	0.0041158344
1351.5774489434	0.0039752633
1349.7132041862	0.0038175576
1347.8489594290	0.0036439262
1345.9847146719	0.0034652490
1344.1204699147	0.0032954067
1342.2562251575	0.0031421666
1340.3919804004	0.0030030946
1338.5277356432	0.0028707031
1336.6634908861	0.0027402199
1334.7992461289	0.0026099933
1332.9350013717	0.0024777935
1331.0707566146	0.0023432218
1329.2065118574	0.0022122017
1327.3422671002	0.0020924320
1325.4780223431	0.0019847995
1323.6137775859	0.0018851653
1321.7495328288	0.0017926585
1319.8852880716	0.0017093768
1318.0210433144	0.0016334845
1316.1567985573	0.0015602433
1314.2925538001	0.0014892410
1312.4283090429	0.0014230389
1310.5640642858	0.0013585413
1308.6998195286	0.0012876965
1306.8355747714	0.0012101809
1304.9713300143	0.0011385645
1303.1070852571	0.0010850907
1301.2428405000	0.0010462627
1299.3785957428	0.0010071112
1297.5143509856	0.0009598438
1295.6501062285	0.0009108128
1293.7858614713	0.0008680450
1291.9216167141	0.0008298347
1290.0573719570	0.0007895594
1288.1931271998	0.0007469982
1286.3288824426	0.0007086717
1284.4646376855	0.0006762195
1282.6003929283	0.0006417347
1280.7361481712	0.0005974557
1278.8719034140	0.0005465167
1277.0076586568	0.0005006788
1275.1434138997	0.0004686552
1273.2791691425	0.0004476791
1271.4149243853	0.0004253126
1269.5506796282	0.0003901863
1267.6864348710	0.0003435280
1265.8221901139	0.0002982357
1263.9579453567	0.0002652548
1262.0937005995	0.0002435769
1260.2294558424	0.0002286957
1258.3652110852	0.0002245364
1256.5009663280	0.0002334200
1254.6367215709	0.0002435832
1252.7724768137	0.0002430219
1250.9082320565	0.0002333283
1249.0439872994	0.0002273634
1247.1797425422	0.0002337809
1245.3154977851	0.0002456483
1243.4512530279	0.0002480735
1241.5870082707	0.0002379798
1239.7227635136	0.0002216044
1237.8585187564	0.0001997244
1235.9942739992	0.0001754329
1234.1300292421	0.0001636805
1232.2657844849	0.0001698769
1230.4015397278	0.0001809017
1228.5372949706	0.0001856591
1226.6730502134	0.0001856866
1224.8088054563	0.0001817005
1222.9445606991	0.0001706595
1221.0803159419	0.0001584617
1219.2160711848	0.0001584660
1217.3518264276	0.0001697299
1215.4875816704	0.0001733215
1213.6233369133	0.0001623576
1211.7590921561	0.0001479489
1209.8948473990	0.0001316780
1208.0306026418	0.0001127141
1206.1663578846	0.0001084573
1204.3021131275	0.0001314120
1202.4378683703	0.0001666593
1200.5736236131	0.0001806551
1198.7093788560	0.0001562284
1196.8451340988	0.0001149308
1194.9808893416	0.0000907812
1193.1166445845	0.0000915518
1191.2523998273	0.0001104131
1189.3881550702	0.0001341447
1187.5239103130	0.0001336739
1185.6596655558	0.0000999849
1183.7954207987	0.0000613056
1181.9311760415	0.0000422951
1180.0669312843	0.0000362878
1178.2026865272	0.0000235729
1176.3384417700	0.0000434824
1174.4741970129	0.0000756702
1172.6099522557	0.0000763044
1170.7457074985	0.0000595399
1168.8814627414	0.0000657451
1167.0172179842	0.0001016584
1165.1529732270	0.0001343640
1163.2887284699	0.0001405273
1161.4244837127	0.0001302650
1159.5602389555	0.0001233798
1157.6959941984	0.0001233553
1155.8317494412	0.0001247336
1153.9675046841	0.0001252040
1152.1032599269	0.0001247940
1150.2390151697	0.0001311610
1148.3747704126	0.0001479411
1146.5105256554	0.0001613445
1144.6462808982	0.0001660964
1142.7820361411	0.0001735894
1140.9177913839	0.0001752075
1139.0535466267	0.0001585270
1137.1893018696	0.0001422781
1135.3250571124	0.0001327738
1133.4608123553	0.0001196309
1131.5965675981	0.0001193172
1129.7323228409	0.0001428669
1127.8680780838	0.0001788593
1126.0038333266	0.0002139604
1124.1395885694	0.0002241834
1122.2753438123	0.0002061761
1120.4110990551	0.0001792743
1118.5468542980	0.0001558940
1116.6826095408	0.0001353556
1114.8183647836	0.0001302522
1112.9541200265	0.0001512705
1111.0898752693	0.0001711539
1109.2256305121	0.0001584842
1107.3613857550	0.0001222617
1105.4971409978	0.0000912897
1103.6328962406	0.0000776122
1101.7686514835	0.0000718552
1099.9044067263	0.0001025242
1098.0401619692	0.0001687543
1096.1759172120	0.0002266876
1094.3116724548	0.0002416199
1092.4474276977	0.0002280627
1090.5831829405	0.0002050142
1088.7189381833	0.0001791767
1086.8546934262	0.0001866816
1084.9904486690	0.0002318253
1083.1262039118	0.0002569604
1081.2619591547	0.0002389443
1079.3977143975	0.0002172534
1077.5334696404	0.0002233940
1075.6692248832	0.0002222965
1073.8049801260	0.0001934946
1071.9407353689	0.0001937567
1070.0764906117	0.0002310998
1068.2122458545	0.0002384543
1066.3480010974	0.0002231079
1064.4837563402	0.0002226679
1062.6195115831	0.0002065072
1060.7552668259	0.0001583284
1058.8910220687	0.0001183293
1057.0267773116	0.0001015945
1055.1625325544	0.0000844486
1053.2982877972	0.0000729610
1051.4340430401	0.0000880289
1049.5697982829	0.0001013994
1047.7055535257	0.0001012583
1045.8413087686	0.0000973894
1043.9770640114	0.0000901344
1042.1128192543	0.0001165868
1040.2485744971	0.0001384703
1038.3843297399	0.0001088891
1036.5200849828	0.0000919140
1034.6558402256	0.0001007613
1032.7915954684	0.0000766880
1030.9273507113	0.0000845978
1029.0631059541	0.0001205434
1027.1988611969	0.0000907895
1025.3346164398	0.0000754224
1023.4703716826	0.0000966933
1021.6061269255	0.0000722377
1019.7418821683	0.0000297579
1017.8776374111	0.0000247988
1016.0133926540	0.0000529537
1014.1491478968	0.0000252789
1012.2849031396	0.0000324804
1010.4206583825	0.0001073002
1008.5564136253	0.0001626778
1006.6921688682	0.0001737819
1004.8279241110	0.0001684949
1002.9636793538	0.0001449685
1001.0994345967	0.0000923549
999.2351898395	0.0000306779
