1467.3977744711	0.0000145975
1465.9605582375	0.0000110103
1464.5233420040	0.0000087019
1463.0861257704	0.0000086437
1461.6489095368	0.0000103709
1460.2116933033	0.0000104344
1458.7744770697	0.0000116075
1457.3372608361	0.0000121334
1455.9000446026	0.0000107000
1454.4628283690	0.0000072358
1453.0256121354	0.0000037236
1451.5883959019	0.0000051010
1450.1511796683	0.0000113286
1448.7139634347	0.0000184227
1447.2767472012	0.0000191454
1445.8395309676	0.0000159436
1444.4023147340	0.0000110660
1442.9650985005	0.0000071048
1441.5278822669	0.0000070478
1440.0906660333	0.0000128321
1438.6534497998	0.0000179384
1437.2162335662	0.0000191638
1435.7790173326	0.0000162456
1434.3418010991	0.0000122646
1432.9045848655	0.0000105901
1431.4673686319	0.0000110986
1430.0301523984	0.0000126660
1428.5929361648	0.0000137654
1427.1557199312	0.0000141709
1425.7185036977	0.0000150425
1424.2812874641	0.0000161003
1422.8440712305	0.0000176660
1421.4068549970	0.0000204257
1419.9696387634	0.0000220151
1418.5324225298	0.0000232856
1417.0952062963	0.0000237449
1415.6579900627	0.0000223815
1414.2207738291	0.0000189555
1412.7835575956	0.0000170219
1411.3463413620	0.0000195701
1409.9091251284	0.0000208500
1408.4719088949	0.0000176060
1407.0346926613	0.0000110558
1405.5974764277	0.0000073192
1404.1602601942	0.0000078460
1402.7230439606	0.0000101472
1401.2858277270	0.0000138771
1399.8486114935	0.0000178190
1398.4113952599	0.0000201819
1396.9741790263	0.0000199328
1395.5369627928	0.0000220736
1394.0997465592	0.0000293580
1392.6625303256	0.0000366832
1391.2253140921	0.0000414224
1389.7880978585	0.0000440056
1388.3508816250	0.0000456005
1386.9136653914	0.0000465178
1385.4764491578	0.0000467480
1384.0392329243	0.0000463672
1382.6020166907	0.0000478636
1381.1648004571	0.0000518725
1379.7275842236	0.0000557964
1378.2903679900	0.0000574523
1376.8531517564	0.0000641050
1375.4159355229	0.0000739315
1373.9787192893	0.0000821184
1372.5415030557	0.0000890005
1371.1042868222	0.0000965531
1369.6670705886	0.0001041654
1368.2298543550	0.0001082610
1366.7926381215	0.0001122643
1365.3554218879	0.0001225670
1363.9182056543	0.0001329894
1362.4809894208	0.0001434074
1361.0437731872	0.0001582397
1359.6065569536	0.0001758681
1358.1693407201	0.0001878357
1356.7321244865	0.0001946772
1355.2949082529	0.0002113238
1353.8576920194	0.0002409631
1352.4204757858	0.0002730145
1350.9832595522	0.0003021258
1349.5460433187	0.0003284948
1348.1088270851	0.0003535512
1346.6716108515	0.0003779653
1345.2343946180	0.0004030540
1343.7971783844	0.0004315806
1342.3599621508	0.0004619646
1340.9227459173	0.0004896455
1339.4855296837	0.0005205916
1338.0483134501	0.0005591624
1336.6110972166	0.0006030236
1335.1738809830	0.0006496658
1333.7366647494	0.0006978095
1332.2994485159	0.0007454790
1330.8622322823	0.0007901783
1329.4250160487	0.0008321960
1327.9877998152	0.0008757807
1326.5505835816	0.0009244152
1325.1133673480	0.0009809483
1323.6761511145	0.0010415871
1322.2389348809	0.0010992058
1320.8017186473	0.0011558925
1319.3645024138	0.0012163995
1317.9272861802	0.0012817283
1316.4900699466	0.0013521069
1315.0528537131	0.0014271120
1313.6156374795	0.0015033864
1312.1784212459	0.0015795961
1310.7412050124	0.0016564367
1309.3039887788	0.0017301636
1307.8667725452	0.0017978870
1306.4295563117	0.0018655304
1304.9923400781	0.0019337016
1303.5551238445	0.0019935309
1302.1179076110	0.0020442693
1300.6806913774	0.0020926129
1299.2434751438	0.0021394046
1297.8062589103	0.0021787134
1296.3690426767	0.0022085146
1294.9318264431	0.0022317225
1293.4946102096	0.0022490316
1292.0573939760	0.0022581634
1290.6201777424	0.0022612787
1289.1829615089	0.0022616049
1287.7457452753	0.0022601001
1286.3085290417	0.0022574121
1284.8713128082	0.0022520539
1283.4340965746	0.0022399812
1281.9968803410	0.0022155647
1280.5596641075	0.0021883184
1279.1224478739	0.0021673923
1277.6852316404	0.0021425616
1276.2480154068	0.0021113078
1274.8107991732	0.0020802412
1273.3735829397	0.0020471720
1271.9363667061	0.0020076626
1270.4991504725	0.0019654855
1269.0619342390	0.0019270318
1267.6247180054	0.0018914135
1266.1875017718	0.0018525230
1264.7502855383	0.0018075154
1263.3130693047	0.0017569151
1261.8758530711	0.0017038202
1260.4386368376	0.0016604594
1259.0014206040	0.0016257738
1257.5642043704	0.0015833866
1256.1269881369	0.0015337598
1254.6897719033	0.0014870579
1253.2525556697	0.0014434709
1251.8153394362	0.0014019461
1250.3781232026	0.0013617042
1248.9409069690	0.0013157402
1247.5036907355	0.0012648716
1246.0664745019	0.0012191046
1244.6292582683	0.0011808362
1243.1920420348	0.0011421827
1241.7548258012	0.0010986320
1240.3176095676	0.0010550924
1238.8803933341	0.0010162358
1237.4431771005	0.0009796976
1236.0059608669	0.0009411897
1234.5687446334	0.0009007213
1233.1315283998	0.0008603651
1231.6943121662	0.0008168813
1230.2570959327	0.0007758233
1228.8198796991	0.0007448461
1227.3826634655	0.0007164323
1225.9454472320	0.0006833200
1224.5082309984	0.0006459894
1223.0710147648	0.0006113102
1221.6337985313	0.0005862824
1220.1965822977	0.0005680234
1218.7593660641	0.0005496118
1217.3221498306	0.0005250473
1215.8849335970	0.0004926256
1214.4477173634	0.0004592040
1213.0105011299	0.0004274808
1211.5732848963	0.0004023386
1210.1360686627	0.0003840996
1208.6988524292	0.0003641195
1207.2616361956	0.0003419581
1205.8244199620	0.0003262984
1204.3872037285	0.0003073628
1202.9499874949	0.0002839633
1201.5127712613	0.0002665976
1200.0755550278	0.0002520671
1198.6383387942	0.0002386536
1197.2011225606	0.0002241689
1195.7639063271	0.0002114500
1194.3266900935	0.0001986628
1192.8894738599	0.0001796752
1191.4522576264	0.0001662470
1190.0150413928	0.0001635878
1188.5778251592	0.0001633420
1187.1406089257	0.0001562231
1185.7033926921	0.0001450434
1184.2661764585	0.0001377171
1182.8289602250	0.0001347433
1181.3917439914	0.0001296979
1179.9545277578	0.0001202920
1178.5173115243	0.0001183531
1177.0800952907	0.0001167299
1175.6428790571	0.0001089038
1174.2056628236	0.0000976953
1172.7684465900	0.0000880995
1171.3312303564	0.0000889228
1169.8940141229	0.0000866742
1168.4567978893	0.0000830090
1167.0195816558	0.0000825896
1165.5823654222	0.0000806176
1164.1451491886	0.0000788832
1162.7079329551	0.0000752614
1161.2707167215	0.0000720357
1159.8335004879	0.0000674660
1158.3962842544	0.0000614514
1156.9590680208	0.0000598553
1155.5218517872	0.0000573114
1154.0846355537	0.0000508103
1152.6474193201	0.0000432002
1151.2102030865	0.0000392646
1149.7729868530	0.0000331556
1148.3357706194	0.0000322204
1146.8985543858	0.0000323223
1145.4613381523	0.0000247513
1144.0241219187	0.0000239347
1142.5869056851	0.0000287274
1141.1496894516	0.0000279495
1139.7124732180	0.0000208402
1138.2752569844	0.0000202955
1136.8380407509	0.0000218769
1135.4008245173	0.0000164459
1133.9636082837	0.0000170732
1132.5263920502	0.0000223364
1131.0891758166	0.0000212445
1129.6519595830	0.0000144225
1128.2147433495	0.0000125966
1126.7775271159	0.0000188204
1125.3403108823	0.0000182838
1123.9030946488	0.0000153733
1122.4658784152	0.0000184995
1121.0286621816	0.0000166019
1119.5914459481	0.0000120932
1118.1542297145	0.0000143537
1116.7170134809	0.0000270112
1115.2797972474	0.0000412956
1113.8425810138	0.0000432243
1112.4053647802	0.0000429734
1110.9681485467	0.0000509012
